0
1.87252
0.922842
0.579537
0.0899737
0.733213
2.79736
0.292573
11.5876
2.85362
1.78396
3.73497
0.240873
2.99396
0.528656
0.421992
0.811159
0.678374
3.25696
1.24048
1.23377
1.90621
0.356827
0.666202
3.36024
2.5987
0.866993
0.658261
2.20436
1.18744
0.700553
0.215429
0.407133
0.484938
0.607807
0.215036
1.81354
0.729013
0.564325
2.12688
4.0419
1.18443
1.40008
3.92275
4.16828
2.97914
0.7373
0.909093
2.01093
0.000310491
4.70603
1.14203
1.81133
1.0438
1.29067
0.349998
1.24083
2.13677
3.5762
0.0123384
0.694076
0.140529
1.84788
3.8578
0.906137
1.09187
0.49127
0.323069
2.69399
0.868403
0.774832
1.35834
1.86762
0.638692
0.719475
1.71832
0.165675
1.94183
0.140662
1.91961
0.698858
0.602506
3.38202
1.67388
1.01059
2.28238
2.79538
0.133397
3.50095
0.692699
0.335723
0.804541
1.40657
1.94267
0.72378
1.12379
2.00537
2.6397
1.18411
6.1537
0.0639876
0.513506
2.24744
1.79239
0.807453
2.42321
0.462465
0.876267
3.74442
1.373
3.45872
0.345472
0.531524
4.28961
2.44155
0.944549
2.02226
0.811959
4.03195
0.163097
0.76729
0.74639
0.3686
2.47016
0.31814
1.69718
0.621772
2.20998
2.61702
0.664297
0.00604836
1.27834
0.645258
1.53012
4.93183
3.92599
1.515
1.59911
2.7693
1.3791
1.13536
0.43958
0.532866
2.35851
1.41451
4.9562
0.499196
1.21289
0.274371
1.75012
0.136141
4.76673
0.531037
0.665212
3.64627
3.59173
3.10915
3.05921
0.738241
1.83156
4.2429
1.91386
0.890485
0.649168
2.08322
5.34247
2.13587
0.525591
1.51091
0.501772
0.200876
2.26402
0.269799
3.02837
1.36841
14.6159
0.710204
1.29476
1.7651
0.191294
1.22437
5.98103
2.25715
0.662642
2.05072
3.30377
5.30585
2.702
0.32962
0.626609
0.554091
0.538349
2.01982
4.41137
1.43935
5.77966
1.20771
1.13535
0.0404723
0.540725
2.63308
1.67608
3.01071
0.0709551
0.371095
0.824068
0.112196
1.51922
0.231324
3.83019
2.00217
0.443142
0.910482
1.22792
0.0579456
0.0976386
4.27805
1.01501
0.304117
2.13022
0.0863779
4.4208
3.16829
1.36056
0.602276
0.566653
5.94836
0.762808
3.41254
1.19152
1.44999
1.31774
0.68835
1.7555
0.250704
2.14385
7.91247
0.527639
4.05813
1.88196
2.12258
0.838745
2.71657
1.0179
2.07467
0.704536
1.03453
5.36003
5.23112
0.562344
