42.062
1.16815
1.30355
3.50836
0.196008
1.75674
3.75482
1.73341
2.0123
1.56768
3.87071
0.63591
3.16974
4.33426
2.47282
6.8617
6.75069
4.53059
4.83768
4.1134
1.88087
0.884768
1.40839
0.953466
3.49355
10.9721
0.219733
1.48882
3.83015
2.56855
0.963204
1.79395
0.638394
4.60272
1.7403
3.25658
1.11391
0.685467
0.260463
0.641004
4.07751
0.286128
2.27742
0.574596
1.01942
2.73816
7.13553
3.00943
4.88628
10.8993
3.61407
3.33627
2.10898
1.28751
0.877549
1.38958
3.38656
7.98613
1.33773
1.81161
0.274828
6.58601
6.06344
2.4164
1.95827
6.68245
1.7467
3.06269
3.24116
10.0661
3.23434
5.69992
2.11979
1.27568
0.376921
2.43637
1.76205
2.56616
0.964051
1.08804
4.14992
5.56425
1.02296
2.3853
1.47314
4.41548
0.086412
3.47164
0.226459
0.503055
2.86315
1.91821
1.7522
4.66982
1.4908
1.34053
7.24996
3.39202
2.38108
3.15858
2.08896
4.98934
1.06415
2.00475
0.994879
2.54356
1.72959
3.05316
0.999455
1.11227
3.46886
3.80194
2.8244
2.93784
1.22792
1.37123
0.541888
2.56487
1.87026
2.88159
5.503
5.8262
1.60337
4.04088
3.47912
2.3478
0.197452
2.30147
1.162
4.22331
0.825379
0.168387
4.12266
0.59144
1.12855
5.20413
5.89917
3.89023
5.514
2.75145
4.19544
3.14721
1.18048
0.259925
4.43471
0.478364
0.386857
2.5083
3.92381
0.324741
6.14848
0.925993
7.05885
1.02885
1.90474
1.25776
1.80443
1.79507
2.7365
1.71146
2.80452
3.77292
2.93688
0.273496
4.52821
2.08267
2.29952
5.16537
7.85521
1.69607
0.716934
1.70066
3.95135
1.14998
4.97081
1.56198
2.45617
1.92177
6.58688
1.96619
0.922811
3.65648
1.65835
0.899999
1.99445
3.50777
0.315125
1.86179
1.31309
6.41211
0.243349
11.0395
3.56785
0.559248
1.39118
0.974408
1.99634
1.68773
5.14486
2.25827
2.75625
1.78934
7.20167
8.42239
0.213566
0.857046
2.81528
2.14845
1.1291
0.605186
8.93553
2.30223
0.945518
3.23262
4.6953
1.86271
5.56333
1.49318
2.52072
5.82986
1.68355
6.49119
4.32834
1.98142
1.56026
4.42086
1.67521
5.73084
2.89195
0.456604
0.0566541
0.529883
0.288814
7.82059
6.51415
0.57043
2.24426
0.201213
1.46146
0.68729
2.64509
9.57325
0.176138
6.66479
3.99864
2.65441
6.40909
1.52452
2.14807
